image: /home/robo/catkin_ws/src/2017_tsukuba_challenge/map/10_26_jikkentou_0_10.pgm
resolution: 0.100000
origin: [-119.200000, -80.800000, 0.000000]
negate: 0
occupied_thresh: 0.65
free_thresh: 0.196

