image: /home/robo/catkin_ws/src/2017_tsukuba_challenge/map/rouka_2017.pgm
resolution: 0.100000
origin: [-50.000000, -50.000000, 0.000000]
negate: 0
occupied_thresh: 0.65
free_thresh: 0.196

