image: /home/robo/catkin_ws/src/2017_tsukuba_challenge/map/tsukuba_velodyne2d_1014_gimp.pgm
resolution: 0.100000
origin: [-205.600000, -100.000000, 0.000000]
negate: 0
occupied_thresh: 0.65
free_thresh: 0.196

