image: /home/robo/catkin_ws/src/2017_tsukuba_challenge/map/tsukuba_velodyne2d_1014_2_2_ono_gimp2.pgm
resolution: 0.100000
origin: [-208.800000, -106.400000, 0.000000]
negate: 0
occupied_thresh: 0.65
free_thresh: 0.196

